1973,9007,8106,892,9137,10017,10826,11317,10744,9713,9938,9161,8927

1974,7750,6981,8038,8422,8714,9512,10120,9823,8743,9192,8710,8680

1975,8162,7306,8124,7870,9387,9556,10093,9620,8285,8433,8160,8034

1976,7717,7461,7776,7925,8634,8945,10078,9179,8037,8488,7874,8647

1977,7792,6957,7726,8106,8890,9299,10625,9302,8314,8850,8265,8796

1978,7836,6892,7791,8129,9115,9434,10484,9827,9110,9070,8633,9240

#apply函数一般有三个参数，第一个参数代表矩阵对象，第二个参数代表要操作矩阵的维度，1表示对行进行处理，2表示对列进行处理。第三个参数就是处理数据的函数。apply会分别一行或一列处理该矩阵的数据。
  
函数形式：rep(x, time = , length = , each = ,)
参数说明：
x：代表的是你要进行复制的对象，可以是一个向量或者是一个因子。
times：代表的是复制的次数，只能为正数。负数以及NA值都会为错误值。复制是指的是对整个向量进行复制。
each：代表的是对向量中的每个元素进行复制的次数。
length.out：代表的是最终输出向量的长度。